"""
database of probe and adapter config
"""
from numpy import array

# 0-based Intan mapping from: http://intantech.com/RHD2164_amp_board.html
intan64_0based = array([[46, 44, 42, 40, 38, 36, 34, 32, 30, 28, 26, 24, 22, 20, 18, 16],
                        [47, 45, 43, 41, 39, 37, 35, 33, 31, 29, 27, 25, 23, 21, 19, 17],
                        [49, 51, 53, 55, 57, 59, 61, 63, 1, 3, 5, 7, 9, 11, 13, 15],
                        [48, 50, 52, 54, 56, 58, 60, 62, 0, 2, 4, 6, 8, 10, 12, 14]])
intan64 = intan64_0based + 1

# 1-based A32x2 to omnetics 64 neuronexus adapter
adt64_omn = array([[34, 35, 62, 33, 60, 54, 57, 55, 10, 8, 11, 5, 32, 3, 30, 31],
                   [64, 58, 63, 56, 61, 59, 52, 50, 15, 13, 6, 4, 9, 2, 7, 1],
                   [53, 51, 49, 47, 45, 36, 37, 38, 27, 28, 29, 20, 18, 16, 14, 12],
                   [48, 46, 44, 42, 40, 39, 43, 41, 24, 22, 26, 25, 23, 21, 19, 17]])

adt64_A64 = array([[24, -1, -1, 41],
                   [27, -1, -1, 38],
                   [22, -1, -1, 43],
                   [28, -1, -1, 37],
                   [29, 26, 39, 36],
                   [20, 25, 40, 45],
                   [18, 23, 42, 47],
                   [16, 21, 44, 49],
                   [14, 19, 46, 51],
                   [12, 17, 48, 53],
                   [-1, -1, -1, -1],
                   [10, -1, -1, 55],
                   [15, -1, -1, 50],
                   [8, -1, -1, 57],
                   [13, -1, -1, 52],
                   [6, 11, 54, 59],
                   [4, 5, 60, 61],
                   [9, 32, 33, 56],
                   [2, 3, 62, 63],
                   [7, 30, 35, 58],
                   [1, 31, 34, 64],
                   ])

# 1-based Chris Niell Electrode
CN_A64 = array([[41, -1, -1, 24],
                [38, -1, -1, 27],
                [43, -1, -1, 22],
                [37, -1, -1, 28],
                [36, 39, 26, 29],
                [45, 40, 25, 20],
                [47, 42, 23, 18],
                [49, 44, 21, 16],
                [51, 46, 19, 14],
                [53, 48, 17, 12],
                [-1, -1, -1, -1],
                [55, -1, -1, 10],
                [50, -1, -1, 15],
                [57, -1, -1, 8],
                [52, -1, -1, 13],
                [59, 54, 11, 6],
                [61, 60, 5, 4],
                [56, 33, 32, 9],
                [63, 62, 3, 2],
                [58, 35, 30, 7],
                [64, 34, 31, 1]])
CN_physical = array([17, 16, 18, 15, 19, 14, 20, 13, 21, 12, 22, 11, 23, 10, 24, 9,
                     25, 8, 26, 7, 27, 6, 28, 5, 29, 4, 30, 3, 31, 2, 32, 1,
                     49, 48, 50, 47, 51, 46, 52, 45, 53, 44, 54, 43, 55, 42, 56, 41,
                     57, 40, 58, 39, 59, 38, 60, 37, 61, 36, 62, 35, 63, 34, 64, 33])

# 1 based H3 CNT probe (single shank)
H3_A64 = array([[1, -1, -1, 64],
                [2, -1, -1, 63],
                [3, -1, -1, 62],
                [4, -1, -1, 61],
                [5, 6, 59, 60],
                [7, 8, 57, 58],
                [9, 10, 55, 56],
                [11, 12, 53, 54],
                [13, 14, 51, 52],
                [15, 16, 49, 50],
                [-1, -1, -1, -1],
                [17, -1, -1, 48],
                [18, -1, -1, 47],
                [19, -1, -1, 46],
                [20, -1, -1, 45],
                [21, 22, 43, 44],
                [23, 28, 37, 42],
                [24, 32, 33, 41],
                [25, 29, 36, 40],
                [26, 30, 35, 39],
                [27, 31, 34, 38]])
H3_physical = array([44, 42, 41, 35, 36, 49, 47, 45, 38, 46, 48, 40, 39, 33, 37, 43,
                     64, 62, 60, 58, 56, 54, 52, 50, 34, 51, 53, 55, 57, 59, 61, 63,
                     1, 3, 5, 7, 9, 11, 13, 15, 31, 14, 12, 10, 8, 6, 4, 2,
                     21, 23, 24, 30, 29, 16, 18, 20, 27, 19, 17, 25, 26, 32, 28, 22])


H2_A64 = array([[1, -1, -1, 64],
                [2, -1, -1, 63],
                [3, -1, -1, 62],
                [4, -1, -1, 61],
                [5, 6, 59, 60],
                [7, 8, 57, 58],
                [9, 10, 55, 56],
                [11, 12, 53, 54],
                [13, 14, 51, 52],
                [15, 16, 49, 50],
                [-1, -1, -1, -1],
                [17, -1, -1, 48],
                [18, -1, -1, 47],
                [19, -1, -1, 46],
                [20, -1, -1, 45],
                [21, 22, 43, 44],
                [23, 28, 37, 42],
                [24, 32, 33, 41],
                [25, 29, 36, 40],
                [26, 30, 35, 39],
                [27, 31, 34, 38]])

H2_physical = array([21, 23, 24, 30, 29, 16, 18, 20, 27, 19, 17, 25, 26, 32, 28, 22, 1, 3, 5, 7, 9, 11, 13, 15, 31, 14, 12, 10, 8, 6, 4, 2,
                     64, 62, 60, 58, 56, 54, 52, 50, 34, 51, 53, 55, 57, 59, 61, 63, 44, 42, 41, 35, 36, 49, 47, 45, 38, 46, 48, 40, 39, 33, 37, 43])